# excitation energy of Li_2^+, 2S  dimer = 5.39 eV
# conversion of energies in eV by multiplication with 2.7*10^(-5)
# only attractive potentials are listed
#R [a_0] 	1^2S_g^+	1^2S_u^+		2^2S_g^+	1^2P_u
3.25		37861		169266		191588		111642
3.5			15520		151888		171651		100736
4			-15747		124202		143340		85011
4.5			-33695		103013		124201		74749
5			-43009		86141		110373		68035
5.5			-46916		72272		99901		63713
6			-47480		60584		91684		61027
6.5			-46012		50577		85059		59472
7			-43346		41952		79603		58703
7.5			-40019		34523		75041		58480
8			-36378		28165		71192		58636
9			-28978		18249		65202		59631
10.5		-19105		8866		59617		61826
12			-11659		3864		57324		63988
13.5		-6720		1373			57497		65694
15			-3794		288			59016		66866
17			-1815		-310		61649		67750
20			-698		-376		64817		68239
30			-103		-101		67592		68229