# li_2 triplett pecs, energy given in 10^(-6)*Hartree
#			2S+2S		2S+2P			
#R [a_0]	a^3S_u^+	1^3S_g^+	1^3P_g	3^3S_u^+	4^3S_u^+
3.25	82074	120308	158527	201837	207593
3.5		63725	96782	143464	180382	185956
4		36778	65228	114086	150186	154590
4.5		20006	48013	95405	132191	135719
5		10053	39541	84716	120835	125157
5.5		4270	36264	79044	112071	120007
6		1258	36011	76363	105032	117923
6.5		-354	37455	75314	99518	117599
7		-1116	39784	74977	97368	118289
7.5		-1414	42499	74782	99080	119527
8		-1466	45302	74473	101263	121038
9		-1267	50539	73482	105676	124197
10.5	-821	56635	71924	111785	127358
12		-476	60610	70806	116814	128956
13.5	-262	63048	70068	120031	131131
15		-143	64534	69569	121641	133504
17		-66		65712	69128	122696	135365
20		-23		66654	68733	123430	136005
30		-2		67654	68267	123929	136123
			 		
